503
507
506
503
516
525
514
518
453
36
22
54
57
49
48
506
504
524
522
522
507
499
505
522
501
522
521
502
515
524
523
524
504
517
505
502
516
518
509
513
524
523
505
503
510
524
523
521
503
518
521
523
500
519
518
521
518
505
504
513
516
503
517
521
518
523
500
518
510
506
517
526
509
522
504
505
502
511
516
505
525
502
503
516
522
521
511
518
525
523
506
517
502
521
505
518
525
507
510
507
522
525
518
522
524
510
521
502
522
509
509
502
521
521
525
523
503
507
515
523
507
511
525
525
502
519
521
507
504
525
524
514
515
525
503
525
504
515
518
516
505
518
524
507
503
501
504
523
515
524
514
518
499
521
510
507
517
522
525
512
507
502
524
514
518
517
507
509
502
518
521
517
524
517
501
524
503
523
524
524
524
516
510
506
504
517
514
516
518
521
524
525
516
517
505
517
524
517
512
525
525
514
502
524
525
516
524
502
516
507
510
518
503
507
503
525
514
525
515
502
503
504
525
502
501
507
503
521
517
514
521
513
503
515
524
525
507
505
517
501
506
502
504
515
503
523
502
521
519
502
505
525
522
524
524
504
503
524
507
512
510
515
512
502
506
519
523
519
504
518
511
511
518
515
524
503
523
502
503
510
523
524
525
525
516
514
505
524
524
503
502
511
506
517
503
506
502
515
524
511
503
522
524
522
501
522
503
524
510
502
502
517
524
511
504
503
507
515
504
510
516
524
524
525
502
519
525
514
514
505
522
522
502
504
511
502
505
514
507
525
521
524
509
502
504
505
507
503
506
511
502
516
502
503
502
516
516
509
525
510
501
505
519
524
517
525
509
521
510
524
514
505
525
515
437
348
341
329
338
343
335
351
341
350
353
338
336
406
389
404
405
401
392
404
391
392
387
390
404
396
402
389
389
480
384
382
371
367
353
361
363
357
368
358
354
358
371
372
384
366
385
504
505
469
456
456
461
482
477
489
474
401
369
414
435
390
371
419
418
423
410
413
419
408
406
414
403
419
422
425
430
409
414
425
419
422
373
462
553
489
409
402
423
453
488
495
343
122
55
31
58
65
61
56
61
59
61
65
65
65
59
61
62
60
61
63
62
60
67
65
62
63
65
68
62
67
63
63
62
67
65
69
69
69
67
65
67
68
69
65
66
65
65
63
68
66
65
68
68
70
66
67
69
70
69
70
65
68
69
68
70
70
69
65
65
70
70
65
65
70
69
69
66
70
68
69
68
68
68
69
69
65
62
66
66
62
63
61
63
62
70
63
68
67
68
63
69
68
63
67
65
65
69
77
78
73
75
110
207
344
306
339
450
335
299
455
451
433
306
312
320
299
296
431
518
510
489
512
502
523
515
486
499
495
490
495
492
511
502
510
504
509
506
499
488
509
494
515
515
516
498
504
442
480
497
516
513
506
492
509
505
502
514
499
498
535
538
529
525
500
521
505
505
514
483
504
487
506
503
488
501
483
505
483
488
487
491
483
485
483
506
491
502
491
489
505
483
492
477
461
434
428
425
422
409
409
422
422
422
414
425
417
445
428
416
414
430
435
442
422
441
420
456
464
469
447
465
455
437
420
417
466
476
499
492
501
503
486
495
482
501
503
498
476
483
498
505
497
497
505
482
504
483
504
500
495
504
482
494
501
493
498
504
483
490
481
504
494
505
499
486
487
500
485
504
495
483
489
483
503
482
482
489
490
487
501
498
501
482
485
486
500
488
482
504
485
500
500
488
506
505
489
504
487
497
505
501
504
503
488
482
483
504
482
505
503
499
491
485
498
503
491
497
488
492
493
504
495
485
483
494
492
499
504
493
501
486
503
504
483
490
504
492
504
486
489
495
498
503
505
499
483
502
504
482
501
503
492
500
505
503
492
503
482
498
491
499
483
500
485
504
487
482
495
482
504
502
483
501
483
483
489
505
502
505
498
502
495
482
488
488
500
487
491
495
483
489
489
500
500
482
499
488
503
482
502
492
499
501
504
481
489
501
482
482
492
505
504
499
498
491
505
490
500
505
488
491
500
501
504
494
505
482
487
504
482
502
505
487
498
489
499
500
482
487
504
503
483
487
504
488
489
482
486
505
495
498
488
501
501
488
491
504
501
487
491
490
482
505
499
499
489
488
497
503
486
490
499
505
483
505
495
483
489
482
487
503
502
488
483
489
502
499
485
504
485
490
483
482
485
491
498
505
490
503
505
494
487
483
486
500
501
489
491
504
494
501
482
493
482
503
485
499
503
500
487
490
482
486
491
487
491
504
503
505
501
486
502
482
501
503
494
503
482
504
490
483
501
504
489
503
481
497
502
502
487
502
502
494
494
485
483
482
485
483
500
482
500
481
501
504
483
500
502
501
502
489
504
491
485
502
488
499
497
485
503
503
481
483
495
502
493
491
495
492
493
491
486
501
504
491
486
486
482
501
482
503
502
495
503
504
497
483
500
501
486
498
498
501
504
504
492
504
495
503
481
481
488
503
503
481
495
495
502
501
490
488
503
495
494
502
481
483
489
499
486
481
481
481
501
497
504
483
502
503
485
504
481
481
500
504
481
488
492
497
501
503
482
497
498
502
495
485
481
498
489
498
502
499
489
488
504
502
504
486
488
491
500
483
504
493
491
502
503
501
485
495
482
488
485
481
488
482
503
492
501
503
498
490
498
481
489
502
482
494
492
501
492
487
503
497
498
482
486
502
481
483
502
481
483
497
481
497
503
495
498
491
497
486
495
482
500
490
501
499
481
480
481
486
491
487
403
498
356
443
445
455
421
403
401
396
402
419
407
417
442
467
422
492
488
392
366
11
25
33
22
33
23
30
44
24
290
198
210
226
331
59
357
53
37
37
37
59
46
47
32
14
26
21
38
33
20
38
22
31
37
432
489
504
501
510
491
509
499
503
487
487
486
494
489
502
492
493
501
488
507
493
505
507
491
489
485
500
506
507
487
485
497
507
504
494
492
505
490
492
488
489
488
507
498
486
490
494
498
490
489
502
498
485
495
507
485
499
491
483
488
489
488
497
485
486
502
507
490
489
488
504
506
495
506
504
486
489
487
507
509
501
488
494
501
507
498
506
505
507
502
505
495
500
506
507
486
503
494
486
506
489
505
504
491
502
504
502
492
503
235
111
109
110
110
107
108
110
113
248
499
505
498
485
502
487
485
504
485
487
487
498
501
487
504
505
495
491
506
486
506
494
507
498
486
507
486
504
486
490
486
488
488
507
507
485
486
502
492
491
505
501
486
492
499
498
505
505
491
501
488
488
497
506
488
485
493
498
507
507
507
505
497
487
494
491
486
505
505
487
499
503
504
486
485
491
505
505
491
498
488
501
506
487
500
502
507
499
489
488
500
490
502
485
485
488
500
495
486
502
489
490
486
488
490
485
491
494
505
505
501
503
502
499
499
499
507
491
506
485
501
485
487
486
490
491
490
503
507
497
491
494
485
486
488
503
501
493
490
488
488
488
502
489
489
504
507
483
507
504
507
501
490
486
507
486
490
