1 ; -56.0 ; 100.0
2 ; -56.0 ; 100.0
3 ; -58.0 ; 100.0
4 ; -58.0 ; 100.0
5 ; -56.0 ; 100.0
6 ; -62.0 ; 100.0
7 ; -58.0 ; 100.0
8 ; -54.0 ; 100.0
9 ; -57.0 ; 100.0
10 ; -58.0 ; 100.0
11 ; -59.0 ; 100.0
12 ; -58.0 ; 100.0
13 ; -58.0 ; 100.0
14 ; -59.0 ; 100.0
15 ; -56.0 ; 100.0
16 ; -58.0 ; 100.0
17 ; -57.0 ; 100.0
18 ; -57.0 ; 100.0
19 ; -60.0 ; 100.0
20 ; -58.0 ; 100.0
21 ; -59.0 ; 100.0
22 ; -61.0 ; 100.0
23 ; -59.0 ; 100.0
24 ; -59.0 ; 100.0
25 ; -58.0 ; 100.0
26 ; -58.0 ; 100.0
27 ; -59.0 ; 100.0
28 ; -59.0 ; 100.0
29 ; -58.0 ; 100.0
30 ; -57.0 ; 100.0
31 ; -61.0 ; 100.0
32 ; -60.0 ; 100.0
33 ; -64.0 ; 100.0
34 ; -62.0 ; 100.0
35 ; -64.0 ; 100.0
36 ; -63.0 ; 100.0
37 ; -62.0 ; 100.0
38 ; -61.0 ; 100.0
39 ; -61.0 ; 100.0
40 ; -62.0 ; 100.0
41 ; -60.0 ; 100.0
42 ; -61.0 ; 100.0
43 ; -61.0 ; 100.0
44 ; -63.0 ; 100.0
45 ; -63.0 ; 100.0
46 ; -62.0 ; 100.0
47 ; -63.0 ; 100.0
48 ; -62.0 ; 100.0
49 ; -60.0 ; 100.0
50 ; -61.0 ; 100.0
51 ; -61.0 ; 100.0
52 ; -60.0 ; 100.0
53 ; -60.0 ; 100.0
54 ; -60.0 ; 100.0
55 ; -60.0 ; 100.0
56 ; -61.0 ; 100.0
57 ; -61.0 ; 100.0
58 ; -60.0 ; 100.0
59 ; -60.0 ; 100.0
60 ; -62.0 ; 100.0
61 ; -59.0 ; 100.0
62 ; -61.0 ; 100.0
63 ; -63.0 ; 100.0
64 ; -59.0 ; 100.0
65 ; -59.0 ; 100.0
66 ; -60.0 ; 100.0
67 ; -60.0 ; 100.0
68 ; -57.0 ; 100.0
69 ; -61.0 ; 100.0
70 ; -61.0 ; 100.0
71 ; -59.0 ; 100.0
72 ; -59.0 ; 100.0
73 ; -57.0 ; 100.0
74 ; -59.0 ; 100.0
75 ; -60.0 ; 100.0
76 ; -61.0 ; 100.0
77 ; -59.0 ; 100.0
78 ; -60.0 ; 100.0
79 ; -60.0 ; 100.0
80 ; -60.0 ; 100.0
81 ; -59.0 ; 100.0
82 ; -58.0 ; 100.0
83 ; -60.0 ; 100.0
84 ; -61.0 ; 100.0
85 ; -63.0 ; 100.0
86 ; -62.0 ; 100.0
87 ; -62.0 ; 100.0
88 ; -62.0 ; 100.0
89 ; -62.0 ; 100.0
90 ; -62.0 ; 100.0
91 ; -62.0 ; 100.0
92 ; -61.0 ; 100.0
93 ; -61.0 ; 100.0
94 ; -61.0 ; 100.0
95 ; -61.0 ; 100.0
96 ; -59.0 ; 100.0
97 ; -60.0 ; 100.0
98 ; -62.0 ; 100.0
99 ; -62.0 ; 100.0
100 ; -60.0 ; 100.0
101 ; -60.0 ; 100.0
102 ; -65.0 ; 100.0
103 ;; 99.03
104 ; -66.0 ; 99.04
105 ; -66.0 ; 99.05
106 ; -65.0 ; 99.06
107 ; -67.0 ; 99.07
108 ; -65.0 ; 99.07
109 ; -64.0 ; 99.08
110 ; -64.0 ; 99.09
111 ; -58.0 ; 99.1
112 ; -57.0 ; 99.11
113 ; -60.0 ; 99.12
114 ; -56.0 ; 99.12
115 ; -56.0 ; 99.13
116 ; -61.0 ; 99.14
117 ; -61.0 ; 99.15
118 ; -61.0 ; 99.15
119 ; -62.0 ; 99.16
120 ; -60.0 ; 99.17
121 ; -59.0 ; 99.17
122 ; -59.0 ; 99.18
123 ; -57.0 ; 99.19
124 ; -60.0 ; 99.19
125 ; -58.0 ; 99.2
126 ; -59.0 ; 99.21
127 ; -60.0 ; 99.21
128 ; -60.0 ; 99.22
129 ; -62.0 ; 99.22
130 ; -61.0 ; 99.23
131 ; -61.0 ; 99.24
132 ; -59.0 ; 99.24
133 ; -58.0 ; 99.25
134 ; -60.0 ; 99.25
135 ;; 98.52
136 ; -59.0 ; 98.53
137 ; -60.0 ; 98.54
138 ; -66.0 ; 98.55
139 ; -64.0 ; 98.56
140 ; -65.0 ; 98.57
141 ; -62.0 ; 98.58
142 ; -60.0 ; 98.59
143 ; -58.0 ; 98.6
144 ; -57.0 ; 98.61
145 ; -56.0 ; 98.62
146 ; -63.0 ; 98.63
147 ; -65.0 ; 98.64
148 ; -64.0 ; 98.65
149 ; -63.0 ; 98.66
150 ; -61.0 ; 98.67
151 ; -60.0 ; 98.68
152 ; -60.0 ; 98.68
153 ; -61.0 ; 98.69
154 ; -61.0 ; 98.7
155 ; -60.0 ; 98.71
156 ; -59.0 ; 98.72
157 ; -62.0 ; 98.73
158 ; -60.0 ; 98.73
159 ; -58.0 ; 98.74
160 ; -55.0 ; 98.75
161 ; -54.0 ; 98.76
162 ; -56.0 ; 98.77
163 ; -54.0 ; 98.77
164 ; -59.0 ; 98.78
165 ; -59.0 ; 98.79
166 ; -59.0 ; 98.8
167 ; -57.0 ; 98.8
168 ; -56.0 ; 98.81
169 ; -55.0 ; 98.82
170 ; -57.0 ; 98.82
171 ; -60.0 ; 98.83
172 ; -56.0 ; 98.84
173 ; -58.0 ; 98.84
174 ; -59.0 ; 98.85
175 ; -54.0 ; 98.86
176 ; -55.0 ; 98.86
177 ; -62.0 ; 98.87
178 ; -57.0 ; 98.88
179 ; -60.0 ; 98.88
180 ; -57.0 ; 98.89
181 ; -55.0 ; 98.9
182 ; -60.0 ; 98.9
183 ; -61.0 ; 98.91
184 ; -58.0 ; 98.91
185 ; -56.0 ; 98.92
186 ; -60.0 ; 98.92
187 ; -63.0 ; 98.93
188 ; -63.0 ; 98.94
189 ; -63.0 ; 98.94
190 ; -55.0 ; 98.95
191 ; -56.0 ; 98.95
192 ; -57.0 ; 98.96
193 ; -55.0 ; 98.96
194 ; -58.0 ; 98.97
195 ; -55.0 ; 98.97
196 ; -59.0 ; 98.98
197 ; -62.0 ; 98.98
198 ; -62.0 ; 98.99
199 ; -62.0 ; 98.99
200 ; -61.0 ; 99.0
201 ; -55.0 ; 99.0
202 ; -56.0 ; 99.01
203 ; -58.0 ; 99.01
204 ; -57.0 ; 99.02
205 ; -58.0 ; 99.02
206 ; -58.0 ; 99.03
207 ; -57.0 ; 99.03
208 ; -60.0 ; 99.04
209 ; -60.0 ; 99.04
210 ; -60.0 ; 99.05
211 ; -61.0 ; 99.05
212 ; -60.0 ; 99.06
213 ; -59.0 ; 99.06
214 ; -58.0 ; 99.07
215 ; -58.0 ; 99.07
216 ; -58.0 ; 99.07
217 ; -58.0 ; 99.08
218 ; -58.0 ; 99.08
219 ; -60.0 ; 99.09
220 ; -59.0 ; 99.09
221 ; -61.0 ; 99.1
222 ; -60.0 ; 99.1
223 ; -61.0 ; 99.1
224 ; -65.0 ; 99.11
225 ; -66.0 ; 99.11
226 ; -65.0 ; 99.12
227 ; -64.0 ; 99.12
228 ; -60.0 ; 99.12
229 ; -59.0 ; 99.13
230 ; -59.0 ; 99.13
231 ; -61.0 ; 99.13
232 ; -59.0 ; 99.14
233 ; -57.0 ; 99.14
234 ; -60.0 ; 99.15
235 ; -61.0 ; 99.15
236 ; -58.0 ; 99.15
237 ; -62.0 ; 99.16
238 ; -62.0 ; 99.16
239 ; -65.0 ; 99.16
240 ; -62.0 ; 99.17
241 ; -62.0 ; 99.17
242 ; -63.0 ; 99.17
243 ; -61.0 ; 99.18
244 ; -61.0 ; 99.18
245 ; -60.0 ; 99.18
246 ; -61.0 ; 99.19
247 ; -62.0 ; 99.19
248 ; -61.0 ; 99.19
249 ; -61.0 ; 99.2
250 ; -61.0 ; 99.2
251 ; -61.0 ; 99.2
252 ; -60.0 ; 99.21
253 ; -60.0 ; 99.21
254 ; -58.0 ; 99.21
255 ; -58.0 ; 99.22
256 ; -59.0 ; 99.22
257 ; -61.0 ; 99.22
258 ; -61.0 ; 99.22
259 ; -62.0 ; 99.23
260 ; -60.0 ; 99.23
261 ; -61.0 ; 99.23
262 ; -60.0 ; 99.24
263 ; -63.0 ; 99.24
264 ; -62.0 ; 99.24
265 ; -62.0 ; 99.25
266 ; -59.0 ; 99.25
267 ; -59.0 ; 99.25
268 ; -58.0 ; 99.25
269 ; -58.0 ; 99.26
270 ; -59.0 ; 99.26
271 ; -55.0 ; 99.26
272 ; -57.0 ; 99.26
273 ; -57.0 ; 99.27
274 ; -56.0 ; 99.27
275 ; -58.0 ; 99.27
276 ; -56.0 ; 99.28
277 ; -58.0 ; 99.28
278 ; -58.0 ; 99.28
279 ; -57.0 ; 99.28
280 ; -57.0 ; 99.29
281 ; -57.0 ; 99.29
282 ; -56.0 ; 99.29
283 ; -60.0 ; 99.29
284 ; -61.0 ; 99.3
285 ; -61.0 ; 99.3
286 ; -61.0 ; 99.3
287 ; -60.0 ; 99.3
288 ; -60.0 ; 99.31
289 ; -59.0 ; 99.31
290 ; -59.0 ; 99.31
291 ; -59.0 ; 99.31
292 ; -59.0 ; 99.32
293 ; -59.0 ; 99.32
294 ; -58.0 ; 99.32
295 ; -57.0 ; 99.32
296 ; -58.0 ; 99.32
297 ; -58.0 ; 99.33
298 ; -57.0 ; 99.33
299 ; -57.0 ; 99.33
300 ; -57.0 ; 99.33
301 ; -55.0 ; 99.34
302 ; -55.0 ; 99.34
303 ; -57.0 ; 99.34
304 ; -55.0 ; 99.34
305 ; -54.0 ; 99.34
306 ; -58.0 ; 99.35
307 ; -58.0 ; 99.35
308 ; -55.0 ; 99.35
309 ; -57.0 ; 99.35
310 ; -58.0 ; 99.35
311 ; -59.0 ; 99.36
312 ; -61.0 ; 99.36
313 ; -53.0 ; 99.36
314 ; -57.0 ; 99.36
315 ; -56.0 ; 99.37
316 ; -55.0 ; 99.37
317 ; -54.0 ; 99.37
318 ; -57.0 ; 99.37
319 ; -59.0 ; 99.37
320 ; -57.0 ; 99.38
321 ; -56.0 ; 99.38
322 ; -59.0 ; 99.38
323 ; -57.0 ; 99.38
324 ; -59.0 ; 99.38
325 ; -58.0 ; 99.38
326 ; -54.0 ; 99.39
327 ; -57.0 ; 99.39
328 ; -56.0 ; 99.39
329 ; -58.0 ; 99.39
330 ; -58.0 ; 99.39
331 ; -57.0 ; 99.4
332 ; -61.0 ; 99.4
333 ; -62.0 ; 99.4
334 ; -63.0 ; 99.4
335 ; -59.0 ; 99.4
336 ; -59.0 ; 99.4
337 ; -60.0 ; 99.41
338 ; -62.0 ; 99.41
339 ; -56.0 ; 99.41
340 ; -57.0 ; 99.41
341 ; -55.0 ; 99.41
342 ; -56.0 ; 99.42
343 ; -56.0 ; 99.42
344 ; -59.0 ; 99.42
345 ; -63.0 ; 99.42
346 ; -61.0 ; 99.42
347 ; -60.0 ; 99.42
348 ; -63.0 ; 99.43
349 ; -59.0 ; 99.43
350 ; -60.0 ; 99.43
351 ; -61.0 ; 99.43
352 ; -61.0 ; 99.43
353 ; -58.0 ; 99.43
354 ; -59.0 ; 99.44
355 ; -56.0 ; 99.44
356 ; -59.0 ; 99.44
357 ; -58.0 ; 99.44
358 ; -59.0 ; 99.44
359 ; -60.0 ; 99.44
360 ; -60.0 ; 99.44
361 ; -60.0 ; 99.45
362 ; -59.0 ; 99.45
363 ; -57.0 ; 99.45
364 ; -59.0 ; 99.45
365 ; -60.0 ; 99.45
366 ; -62.0 ; 99.45
367 ; -61.0 ; 99.46
368 ; -55.0 ; 99.46
369 ; -53.0 ; 99.46
370 ; -55.0 ; 99.46
371 ; -59.0 ; 99.46
372 ; -58.0 ; 99.46
373 ; -55.0 ; 99.46
374 ; -59.0 ; 99.47
375 ; -58.0 ; 99.47
376 ; -60.0 ; 99.47
377 ; -52.0 ; 99.47
378 ; -41.0 ; 99.47
379 ; -42.0 ; 99.47
380 ; -41.0 ; 99.47
381 ; -42.0 ; 99.48
382 ; -47.0 ; 99.48
383 ; -51.0 ; 99.48
384 ; -48.0 ; 99.48
385 ; -50.0 ; 99.48
386 ; -49.0 ; 99.48
387 ; -53.0 ; 99.48
388 ; -50.0 ; 99.48
389 ; -47.0 ; 99.49
390 ; -53.0 ; 99.49
391 ; -53.0 ; 99.49
392 ; -51.0 ; 99.49
393 ; -53.0 ; 99.49
394 ; -48.0 ; 99.49
395 ; -45.0 ; 99.49
396 ; -42.0 ; 99.49
397 ; -45.0 ; 99.5
398 ; -47.0 ; 99.5
399 ; -49.0 ; 99.5
400 ; -43.0 ; 99.5
401 ; -43.0 ; 99.5
402 ; -52.0 ; 99.5
403 ; -44.0 ; 99.5
404 ; -51.0 ; 99.5
405 ; -44.0 ; 99.51
406 ; -46.0 ; 99.51
407 ; -47.0 ; 99.51
408 ; -54.0 ; 99.51
409 ; -58.0 ; 99.51
410 ; -55.0 ; 99.51
411 ; -45.0 ; 99.51
412 ; -42.0 ; 99.51
413 ; -41.0 ; 99.52
414 ; -38.0 ; 99.52
415 ; -40.0 ; 99.52
416 ; -39.0 ; 99.52
417 ; -39.0 ; 99.52
418 ; -43.0 ; 99.52
419 ; -44.0 ; 99.52
420 ; -42.0 ; 99.52
421 ; -44.0 ; 99.52
422 ; -43.0 ; 99.53
423 ; -51.0 ; 99.53
424 ; -37.0 ; 99.53
425 ; -48.0 ; 99.53
426 ; -50.0 ; 99.53
427 ; -49.0 ; 99.53
428 ; -48.0 ; 99.53
429 ; -41.0 ; 99.53
430 ; -44.0 ; 99.53
431 ; -49.0 ; 99.54
432 ; -50.0 ; 99.54
433 ; -45.0 ; 99.54
434 ; -42.0 ; 99.54
435 ; -43.0 ; 99.54
436 ; -47.0 ; 99.54
437 ; -42.0 ; 99.54
438 ; -39.0 ; 99.54
439 ; -39.0 ; 99.54
440 ; -40.0 ; 99.55
441 ; -39.0 ; 99.55
442 ; -40.0 ; 99.55
443 ; -35.0 ; 99.55
444 ; -37.0 ; 99.55
445 ; -41.0 ; 99.55
446 ; -39.0 ; 99.55
447 ; -42.0 ; 99.55
448 ; -42.0 ; 99.55
449 ; -40.0 ; 99.55
450 ; -39.0 ; 99.56
451 ; -36.0 ; 99.56
452 ; -41.0 ; 99.56
453 ; -35.0 ; 99.56
454 ; -45.0 ; 99.56
455 ; -39.0 ; 99.56
456 ; -43.0 ; 99.56
457 ; -42.0 ; 99.56
458 ; -41.0 ; 99.56
459 ; -37.0 ; 99.56
460 ; -36.0 ; 99.57
461 ; -46.0 ; 99.57
462 ; -48.0 ; 99.57
463 ; -40.0 ; 99.57
464 ; -46.0 ; 99.57
465 ; -44.0 ; 99.57
466 ; -44.0 ; 99.57
467 ; -42.0 ; 99.57
468 ; -41.0 ; 99.57
469 ; -46.0 ; 99.57
470 ; -58.0 ; 99.57
471 ; -62.0 ; 99.58
472 ; -59.0 ; 99.58
473 ; -51.0 ; 99.58
474 ; -49.0 ; 99.58
475 ; -50.0 ; 99.58
476 ; -47.0 ; 99.58
477 ; -49.0 ; 99.58
478 ; -53.0 ; 99.58
479 ; -51.0 ; 99.58
480 ; -52.0 ; 99.58
481 ; -52.0 ; 99.58
482 ; -51.0 ; 99.59
483 ; -54.0 ; 99.59
484 ; -54.0 ; 99.59
485 ; -50.0 ; 99.59
486 ; -50.0 ; 99.59
487 ; -54.0 ; 99.59
488 ; -55.0 ; 99.59
489 ; -52.0 ; 99.59
490 ; -50.0 ; 99.59
491 ; -47.0 ; 99.59
492 ; -50.0 ; 99.59
493 ; -52.0 ; 99.59
494 ; -53.0 ; 99.6
495 ; -50.0 ; 99.6
496 ; -50.0 ; 99.6
497 ; -48.0 ; 99.6
498 ; -50.0 ; 99.6
499 ; -48.0 ; 99.6
500 ; -49.0 ; 99.6
501 ; -52.0 ; 99.6
502 ; -53.0 ; 99.6
503 ; -54.0 ; 99.6
504 ; -51.0 ; 99.6
505 ; -51.0 ; 99.6
506 ; -51.0 ; 99.6
507 ; -50.0 ; 99.61
508 ; -50.0 ; 99.61
509 ; -49.0 ; 99.61
510 ; -51.0 ; 99.61
511 ; -53.0 ; 99.61
512 ; -49.0 ; 99.61
513 ; -48.0 ; 99.61
514 ; -49.0 ; 99.61
515 ; -49.0 ; 99.61
516 ; -51.0 ; 99.61
517 ; -50.0 ; 99.61
518 ; -52.0 ; 99.61
519 ; -51.0 ; 99.61
520 ; -49.0 ; 99.62
521 ; -50.0 ; 99.62
522 ; -51.0 ; 99.62
523 ; -50.0 ; 99.62
524 ; -50.0 ; 99.62
525 ; -52.0 ; 99.62
526 ; -53.0 ; 99.62
527 ; -51.0 ; 99.62
528 ; -50.0 ; 99.62
529 ; -48.0 ; 99.62
530 ; -51.0 ; 99.62
531 ; -49.0 ; 99.62
532 ; -47.0 ; 99.62
533 ; -49.0 ; 99.62
534 ; -49.0 ; 99.63
535 ; -48.0 ; 99.63
536 ; -48.0 ; 99.63
537 ; -47.0 ; 99.63
538 ; -48.0 ; 99.63
539 ; -48.0 ; 99.63
540 ; -50.0 ; 99.63
541 ; -49.0 ; 99.63
542 ; -51.0 ; 99.63
543 ; -51.0 ; 99.63
544 ; -52.0 ; 99.63
545 ; -52.0 ; 99.63
546 ; -49.0 ; 99.63
547 ; -53.0 ; 99.63
548 ; -53.0 ; 99.64
549 ; -51.0 ; 99.64
550 ; -49.0 ; 99.64
551 ; -49.0 ; 99.64
552 ; -51.0 ; 99.64
553 ; -50.0 ; 99.64
554 ; -50.0 ; 99.64
555 ; -51.0 ; 99.64
556 ; -51.0 ; 99.64
557 ; -51.0 ; 99.64
558 ; -50.0 ; 99.64
559 ; -49.0 ; 99.64
560 ; -47.0 ; 99.64
561 ; -49.0 ; 99.64
562 ; -50.0 ; 99.64
563 ; -50.0 ; 99.64
564 ; -49.0 ; 99.65
565 ; -48.0 ; 99.65
566 ; -45.0 ; 99.65
567 ; -46.0 ; 99.65
568 ; -48.0 ; 99.65
569 ; -47.0 ; 99.65
570 ; -47.0 ; 99.65
571 ; -49.0 ; 99.65
572 ; -48.0 ; 99.65
573 ; -51.0 ; 99.65
574 ; -49.0 ; 99.65
575 ; -51.0 ; 99.65
576 ; -49.0 ; 99.65
577 ; -52.0 ; 99.65
578 ; -52.0 ; 99.65
579 ; -53.0 ; 99.65
580 ; -49.0 ; 99.66
581 ; -60.0 ; 99.66
582 ; -58.0 ; 99.66
583 ; -52.0 ; 99.66
584 ; -47.0 ; 99.66
585 ; -48.0 ; 99.66
586 ; -55.0 ; 99.66
587 ; -58.0 ; 99.66
588 ; -48.0 ; 99.66
589 ; -48.0 ; 99.66
590 ; -49.0 ; 99.66
591 ; -43.0 ; 99.66
592 ; -50.0 ; 99.66
593 ; -50.0 ; 99.66
594 ; -50.0 ; 99.66
595 ; -50.0 ; 99.66
596 ; -45.0 ; 99.66
597 ; -43.0 ; 99.66
598 ; -42.0 ; 99.67
599 ; -43.0 ; 99.67
600 ; -48.0 ; 99.67
601 ; -46.0 ; 99.67
602 ; -46.0 ; 99.67
603 ; -47.0 ; 99.67
604 ; -46.0 ; 99.67
605 ; -43.0 ; 99.67
606 ; -53.0 ; 99.67
607 ; -50.0 ; 99.67
608 ; -48.0 ; 99.67
609 ; -43.0 ; 99.67
610 ; -45.0 ; 99.67
611 ; -48.0 ; 99.67
612 ; -50.0 ; 99.67
613 ; -47.0 ; 99.67
614 ; -39.0 ; 99.67
615 ; -41.0 ; 99.67
616 ; -40.0 ; 99.68
617 ; -44.0 ; 99.68
618 ; -43.0 ; 99.68
619 ; -40.0 ; 99.68
620 ; -41.0 ; 99.68
621 ; -35.0 ; 99.68
622 ; -35.0 ; 99.68
623 ; -38.0 ; 99.68
624 ; -46.0 ; 99.68
625 ; -38.0 ; 99.68
626 ; -43.0 ; 99.68
627 ; -42.0 ; 99.68
628 ; -36.0 ; 99.68
629 ; -38.0 ; 99.68
630 ; -42.0 ; 99.68
631 ; -41.0 ; 99.68
632 ; -41.0 ; 99.68
633 ; -42.0 ; 99.68
634 ; -36.0 ; 99.68
635 ; -41.0 ; 99.69
636 ; -48.0 ; 99.69
637 ; -40.0 ; 99.69
638 ; -54.0 ; 99.69
639 ; -60.0 ; 99.69
640 ; -60.0 ; 99.69
641 ; -57.0 ; 99.69
642 ; -53.0 ; 99.69
643 ; -49.0 ; 99.69
644 ; -56.0 ; 99.69
645 ; -48.0 ; 99.69
646 ; -45.0 ; 99.69
647 ; -53.0 ; 99.69
648 ; -57.0 ; 99.69
649 ; -55.0 ; 99.69
650 ; -50.0 ; 99.69
651 ; -50.0 ; 99.69
652 ; -49.0 ; 99.69
653 ; -48.0 ; 99.69
654 ; -49.0 ; 99.69
655 ; -54.0 ; 99.69
656 ; -51.0 ; 99.7
657 ; -55.0 ; 99.7
658 ; -50.0 ; 99.7
659 ; -49.0 ; 99.7
660 ; -47.0 ; 99.7
661 ; -51.0 ; 99.7
662 ; -52.0 ; 99.7
663 ; -52.0 ; 99.7
664 ; -56.0 ; 99.7
665 ; -55.0 ; 99.7
666 ; -51.0 ; 99.7
667 ; -47.0 ; 99.7
668 ; -52.0 ; 99.7
669 ; -50.0 ; 99.7
670 ; -46.0 ; 99.7
671 ; -50.0 ; 99.7
672 ; -48.0 ; 99.7
673 ; -44.0 ; 99.7
674 ; -44.0 ; 99.7
675 ; -45.0 ; 99.7
676 ; -45.0 ; 99.7
677 ; -48.0 ; 99.7
678 ; -50.0 ; 99.71
679 ; -50.0 ; 99.71
680 ; -49.0 ; 99.71
681 ; -52.0 ; 99.71
682 ; -49.0 ; 99.71
683 ; -46.0 ; 99.71
684 ; -48.0 ; 99.71
685 ; -51.0 ; 99.71
686 ; -52.0 ; 99.71
687 ; -49.0 ; 99.71
688 ; -52.0 ; 99.71
689 ; -51.0 ; 99.71
690 ; -49.0 ; 99.71
691 ; -52.0 ; 99.71
692 ; -52.0 ; 99.71
693 ; -52.0 ; 99.71
694 ; -51.0 ; 99.71
695 ; -55.0 ; 99.71
696 ; -52.0 ; 99.71
697 ; -55.0 ; 99.71
698 ; -55.0 ; 99.71
699 ; -48.0 ; 99.71
700 ; -53.0 ; 99.71
701 ; -49.0 ; 99.71
702 ; -53.0 ; 99.72
703 ; -52.0 ; 99.72
704 ; -50.0 ; 99.72
705 ; -48.0 ; 99.72
706 ; -46.0 ; 99.72
707 ; -46.0 ; 99.72
708 ; -44.0 ; 99.72
709 ; -47.0 ; 99.72
710 ; -49.0 ; 99.72
711 ; -46.0 ; 99.72
712 ; -47.0 ; 99.72
713 ; -46.0 ; 99.72
714 ; -52.0 ; 99.72
715 ; -50.0 ; 99.72
716 ; -59.0 ; 99.72
717 ; -62.0 ; 99.72
718 ; -57.0 ; 99.72
719 ; -58.0 ; 99.72
720 ; -57.0 ; 99.72
721 ; -55.0 ; 99.72
722 ;; 99.58
723 ; -59.0 ; 99.59
724 ; -50.0 ; 99.59
725 ; -52.0 ; 99.59
726 ; -50.0 ; 99.59
727 ; -51.0 ; 99.59
728 ; -54.0 ; 99.59
729 ; -52.0 ; 99.59
730 ; -51.0 ; 99.59
731 ; -56.0 ; 99.59
732 ; -55.0 ; 99.59
733 ; -57.0 ; 99.59
734 ;; 99.46
735 ; -55.0 ; 99.46
736 ; -59.0 ; 99.46
737 ; -60.0 ; 99.46
738 ; -56.0 ; 99.46
739 ; -58.0 ; 99.46
740 ; -59.0 ; 99.46
741 ; -61.0 ; 99.46
742 ; -60.0 ; 99.46
743 ; -60.0 ; 99.46
744 ; -55.0 ; 99.46
745 ; -56.0 ; 99.46
746 ; -55.0 ; 99.46
747 ; -56.0 ; 99.46
748 ; -53.0 ; 99.47
749 ;; 99.33
750 ; -52.0 ; 99.33
751 ; -55.0 ; 99.33
752 ; -59.0 ; 99.34
753 ; -63.0 ; 99.34
754 ; -57.0 ; 99.34
755 ; -55.0 ; 99.34
756 ; -57.0 ; 99.34
757 ; -55.0 ; 99.34
758 ; -54.0 ; 99.34
759 ; -52.0 ; 99.34
760 ; -52.0 ; 99.34
761 ; -57.0 ; 99.34
762 ; -57.0 ; 99.34
763 ; -53.0 ; 99.34
764 ; -57.0 ; 99.35
765 ; -59.0 ; 99.35
766 ; -58.0 ; 99.35
767 ; -59.0 ; 99.35
768 ; -59.0 ; 99.35
769 ; -61.0 ; 99.35
770 ; -61.0 ; 99.35
771 ; -64.0 ; 99.35
772 ; -60.0 ; 99.35
773 ; -58.0 ; 99.35
774 ; -58.0 ; 99.35
775 ; -60.0 ; 99.35
776 ; -61.0 ; 99.36
777 ; -56.0 ; 99.36
778 ; -58.0 ; 99.36
779 ; -60.0 ; 99.36
780 ; -59.0 ; 99.36
781 ; -55.0 ; 99.36
782 ; -52.0 ; 99.36
783 ; -52.0 ; 99.36
784 ; -55.0 ; 99.36
785 ; -55.0 ; 99.36
786 ; -55.0 ; 99.36
787 ; -55.0 ; 99.36
788 ; -57.0 ; 99.37
789 ; -54.0 ; 99.37
790 ; -56.0 ; 99.37
791 ; -55.0 ; 99.37
792 ; -55.0 ; 99.37
793 ; -55.0 ; 99.37
794 ; -54.0 ; 99.37
795 ; -56.0 ; 99.37
796 ; -55.0 ; 99.37
797 ; -53.0 ; 99.37
798 ; -54.0 ; 99.37
799 ; -55.0 ; 99.37
800 ; -54.0 ; 99.38
801 ; -54.0 ; 99.38
802 ; -55.0 ; 99.38
803 ; -52.0 ; 99.38
804 ; -53.0 ; 99.38
805 ; -52.0 ; 99.38
806 ; -56.0 ; 99.38
807 ; -57.0 ; 99.38
808 ; -55.0 ; 99.38
809 ; -56.0 ; 99.38
810 ; -59.0 ; 99.38
811 ; -58.0 ; 99.38
812 ; -59.0 ; 99.38
813 ; -58.0 ; 99.38
814 ; -60.0 ; 99.39
815 ; -55.0 ; 99.39
816 ; -57.0 ; 99.39
817 ; -56.0 ; 99.39
818 ; -53.0 ; 99.39
819 ; -57.0 ; 99.39
820 ; -56.0 ; 99.39
821 ; -57.0 ; 99.39
822 ; -57.0 ; 99.39
823 ; -57.0 ; 99.39
824 ; -56.0 ; 99.39
825 ; -59.0 ; 99.39
826 ; -55.0 ; 99.39
827 ; -58.0 ; 99.4
828 ; -58.0 ; 99.4
829 ; -57.0 ; 99.4
830 ; -57.0 ; 99.4
831 ; -57.0 ; 99.4
832 ; -59.0 ; 99.4
833 ; -56.0 ; 99.4
834 ; -54.0 ; 99.4
835 ; -56.0 ; 99.4
836 ; -55.0 ; 99.4
837 ; -55.0 ; 99.4
838 ; -56.0 ; 99.4
839 ; -56.0 ; 99.4
840 ; -54.0 ; 99.4
841 ; -55.0 ; 99.41
842 ; -57.0 ; 99.41
843 ; -55.0 ; 99.41
844 ; -57.0 ; 99.41
845 ; -55.0 ; 99.41
846 ; -58.0 ; 99.41
847 ; -56.0 ; 99.41
848 ; -52.0 ; 99.41
849 ; -52.0 ; 99.41
850 ; -53.0 ; 99.41
851 ; -55.0 ; 99.41
852 ; -50.0 ; 99.41
853 ; -53.0 ; 99.41
854 ; -55.0 ; 99.41
855 ; -52.0 ; 99.42
856 ; -53.0 ; 99.42
857 ; -53.0 ; 99.42
858 ; -52.0 ; 99.42
859 ; -52.0 ; 99.42
860 ; -56.0 ; 99.42
861 ; -56.0 ; 99.42
862 ; -55.0 ; 99.42
863 ; -54.0 ; 99.42
864 ; -60.0 ; 99.42
865 ; -55.0 ; 99.42
866 ; -57.0 ; 99.42
867 ; -57.0 ; 99.42
868 ; -57.0 ; 99.42
869 ; -56.0 ; 99.42
870 ; -55.0 ; 99.43
871 ; -52.0 ; 99.43
872 ; -54.0 ; 99.43
873 ; -55.0 ; 99.43
874 ; -55.0 ; 99.43
875 ; -58.0 ; 99.43
876 ; -54.0 ; 99.43
877 ; -56.0 ; 99.43
878 ; -60.0 ; 99.43
879 ; -58.0 ; 99.43
880 ; -59.0 ; 99.43
881 ; -57.0 ; 99.43
882 ; -57.0 ; 99.43
883 ; -53.0 ; 99.43
884 ; -52.0 ; 99.43
885 ; -54.0 ; 99.44
886 ; -58.0 ; 99.44
887 ; -56.0 ; 99.44
888 ; -59.0 ; 99.44
889 ; -58.0 ; 99.44
890 ; -57.0 ; 99.44
891 ; -58.0 ; 99.44
892 ; -58.0 ; 99.44
893 ; -57.0 ; 99.44
894 ; -55.0 ; 99.44
895 ; -54.0 ; 99.44
896 ; -55.0 ; 99.44
897 ; -60.0 ; 99.44
898 ; -60.0 ; 99.44
899 ; -60.0 ; 99.44
900 ; -61.0 ; 99.44
901 ; -58.0 ; 99.45
902 ; -60.0 ; 99.45
903 ; -56.0 ; 99.45
904 ; -55.0 ; 99.45
905 ; -55.0 ; 99.45
906 ; -56.0 ; 99.45
907 ; -61.0 ; 99.45
908 ; -58.0 ; 99.45
909 ; -60.0 ; 99.45
910 ; -58.0 ; 99.45
911 ; -58.0 ; 99.45
912 ; -58.0 ; 99.45
913 ; -55.0 ; 99.45
914 ; -56.0 ; 99.45
915 ; -56.0 ; 99.45
916 ; -58.0 ; 99.45
917 ; -56.0 ; 99.45
918 ; -53.0 ; 99.46
919 ; -54.0 ; 99.46
920 ; -51.0 ; 99.46
921 ; -53.0 ; 99.46
922 ; -55.0 ; 99.46
923 ; -56.0 ; 99.46
924 ; -62.0 ; 99.46
925 ; -56.0 ; 99.46
926 ; -57.0 ; 99.46
927 ; -56.0 ; 99.46
928 ; -64.0 ; 99.46
929 ; -64.0 ; 99.46
930 ; -65.0 ; 99.46
931 ; -53.0 ; 99.46
932 ; -54.0 ; 99.46
933 ; -55.0 ; 99.46
934 ; -62.0 ; 99.46
935 ; -60.0 ; 99.47
936 ; -57.0 ; 99.47
937 ; -52.0 ; 99.47
938 ; -55.0 ; 99.47
939 ; -50.0 ; 99.47
940 ; -48.0 ; 99.47
941 ; -47.0 ; 99.47
942 ; -53.0 ; 99.47
943 ; -55.0 ; 99.47
944 ; -54.0 ; 99.47
945 ; -53.0 ; 99.47
946 ; -54.0 ; 99.47
947 ; -57.0 ; 99.47
948 ; -54.0 ; 99.47
949 ; -52.0 ; 99.47
950 ; -55.0 ; 99.47
951 ; -53.0 ; 99.47
952 ; -52.0 ; 99.47
953 ; -52.0 ; 99.48
954 ; -51.0 ; 99.48
955 ; -53.0 ; 99.48
956 ; -55.0 ; 99.48
957 ; -50.0 ; 99.48
958 ; -53.0 ; 99.48
959 ; -51.0 ; 99.48
960 ; -55.0 ; 99.48
961 ; -53.0 ; 99.48
962 ; -51.0 ; 99.48
963 ; -48.0 ; 99.48
964 ; -48.0 ; 99.48
965 ; -48.0 ; 99.48
966 ; -48.0 ; 99.48
967 ; -48.0 ; 99.48
968 ; -48.0 ; 99.48
969 ; -46.0 ; 99.48
970 ; -50.0 ; 99.48
971 ; -49.0 ; 99.49
972 ; -48.0 ; 99.49
973 ; -51.0 ; 99.49
974 ; -50.0 ; 99.49
975 ; -49.0 ; 99.49
976 ; -50.0 ; 99.49
977 ; -48.0 ; 99.49
978 ; -49.0 ; 99.49
979 ; -49.0 ; 99.49
980 ; -52.0 ; 99.49
981 ; -50.0 ; 99.49
982 ; -51.0 ; 99.49
983 ; -46.0 ; 99.49
984 ; -49.0 ; 99.49
985 ; -48.0 ; 99.49
986 ; -49.0 ; 99.49
987 ; -49.0 ; 99.49
988 ; -53.0 ; 99.49
989 ; -51.0 ; 99.49
990 ; -46.0 ; 99.49
991 ; -50.0 ; 99.5
992 ; -47.0 ; 99.5
993 ; -51.0 ; 99.5
994 ; -47.0 ; 99.5
995 ; -50.0 ; 99.5
996 ; -47.0 ; 99.5
997 ; -48.0 ; 99.5
998 ; -46.0 ; 99.5
999 ; -47.0 ; 99.5
1000 ; -49.0 ; 99.5
1001 ; -53.0 ; 99.5
1002 ; -58.0 ; 99.5
1003 ; -59.0 ; 99.5
1004 ; -53.0 ; 99.5
1005 ; -56.0 ; 99.5
1006 ; -57.0 ; 99.5
1007 ; -54.0 ; 99.5
1008 ; -55.0 ; 99.5
1009 ; -56.0 ; 99.5
1010 ; -58.0 ; 99.5
1011 ; -59.0 ; 99.51
1012 ; -55.0 ; 99.51
1013 ; -58.0 ; 99.51
1014 ; -58.0 ; 99.51
1015 ; -62.0 ; 99.51
1016 ; -56.0 ; 99.51
1017 ; -59.0 ; 99.51
1018 ; -57.0 ; 99.51
1019 ; -55.0 ; 99.51
1020 ; -55.0 ; 99.51
1021 ; -56.0 ; 99.51
1022 ; -58.0 ; 99.51
1023 ; -57.0 ; 99.51
1024 ; -55.0 ; 99.51
1025 ; -53.0 ; 99.51
1026 ; -52.0 ; 99.51
1027 ; -53.0 ; 99.51
1028 ; -57.0 ; 99.51
1029 ; -57.0 ; 99.51
1030 ; -62.0 ; 99.51
1031 ; -58.0 ; 99.52
1032 ; -57.0 ; 99.52
1033 ; -58.0 ; 99.52
1034 ; -55.0 ; 99.52
1035 ; -58.0 ; 99.52
1036 ; -56.0 ; 99.52
1037 ; -56.0 ; 99.52
1038 ; -61.0 ; 99.52
1039 ; -53.0 ; 99.52
1040 ; -54.0 ; 99.52
1041 ; -52.0 ; 99.52
1042 ; -51.0 ; 99.52
1043 ; -52.0 ; 99.52
1044 ; -56.0 ; 99.52
1045 ; -52.0 ; 99.52
1046 ; -50.0 ; 99.52
1047 ; -56.0 ; 99.52
1048 ; -52.0 ; 99.52
1049 ; -54.0 ; 99.52
1050 ; -54.0 ; 99.52
1051 ; -58.0 ; 99.52
1052 ; -62.0 ; 99.52
1053 ; -57.0 ; 99.53
1054 ; -57.0 ; 99.53
1055 ; -55.0 ; 99.53
1056 ; -52.0 ; 99.53
1057 ; -53.0 ; 99.53
1058 ; -53.0 ; 99.53
1059 ; -54.0 ; 99.53
1060 ; -56.0 ; 99.53
1061 ; -52.0 ; 99.53
1062 ; -53.0 ; 99.53
1063 ; -56.0 ; 99.53
1064 ; -56.0 ; 99.53
1065 ; -54.0 ; 99.53
1066 ; -54.0 ; 99.53
1067 ; -55.0 ; 99.53
1068 ; -53.0 ; 99.53
1069 ; -52.0 ; 99.53
1070 ; -55.0 ; 99.53
1071 ; -50.0 ; 99.53
1072 ; -51.0 ; 99.53
1073 ; -54.0 ; 99.53
1074 ; -53.0 ; 99.53
1075 ; -56.0 ; 99.53
1076 ; -60.0 ; 99.54
1077 ; -56.0 ; 99.54
1078 ; -55.0 ; 99.54
1079 ; -54.0 ; 99.54
1080 ; -57.0 ; 99.54
1081 ; -55.0 ; 99.54
1082 ; -54.0 ; 99.54
1083 ; -54.0 ; 99.54
1084 ; -54.0 ; 99.54
1085 ; -56.0 ; 99.54
1086 ; -55.0 ; 99.54
1087 ; -55.0 ; 99.54
1088 ; -51.0 ; 99.54
1089 ; -50.0 ; 99.54
1090 ; -53.0 ; 99.54
1091 ; -50.0 ; 99.54
1092 ; -50.0 ; 99.54
1093 ; -50.0 ; 99.54
1094 ; -49.0 ; 99.54
1095 ; -48.0 ; 99.54
1096 ; -49.0 ; 99.54
1097 ; -47.0 ; 99.54
1098 ; -51.0 ; 99.54
1099 ; -51.0 ; 99.55
1100 ; -51.0 ; 99.55
1101 ; -54.0 ; 99.55
1102 ; -53.0 ; 99.55
1103 ; -50.0 ; 99.55
1104 ; -51.0 ; 99.55
1105 ; -50.0 ; 99.55
1106 ; -47.0 ; 99.55
1107 ; -52.0 ; 99.55
1108 ; -52.0 ; 99.55
1109 ; -53.0 ; 99.55
1110 ; -54.0 ; 99.55
1111 ; -51.0 ; 99.55
1112 ; -47.0 ; 99.55
1113 ; -46.0 ; 99.55
1114 ; -47.0 ; 99.55
1115 ; -51.0 ; 99.55
1116 ; -48.0 ; 99.55
1117 ; -55.0 ; 99.55
1118 ; -58.0 ; 99.55
1119 ; -57.0 ; 99.55
1120 ; -55.0 ; 99.55
1121 ; -51.0 ; 99.55
1122 ; -53.0 ; 99.55
1123 ; -54.0 ; 99.55
1124 ; -51.0 ; 99.56
1125 ; -51.0 ; 99.56
1126 ; -56.0 ; 99.56
1127 ; -54.0 ; 99.56
1128 ; -52.0 ; 99.56
1129 ; -55.0 ; 99.56
1130 ; -52.0 ; 99.56
1131 ; -55.0 ; 99.56
1132 ; -57.0 ; 99.56
1133 ; -53.0 ; 99.56
1134 ; -57.0 ; 99.56
1135 ; -54.0 ; 99.56
1136 ; -52.0 ; 99.56
1137 ; -54.0 ; 99.56
1138 ; -57.0 ; 99.56
1139 ; -60.0 ; 99.56
1140 ; -58.0 ; 99.56
1141 ; -58.0 ; 99.56
1142 ; -51.0 ; 99.56
1143 ; -52.0 ; 99.56
1144 ; -52.0 ; 99.56
1145 ; -51.0 ; 99.56
1146 ; -54.0 ; 99.56
1147 ; -54.0 ; 99.56
1148 ; -56.0 ; 99.56
1149 ; -53.0 ; 99.56
1150 ; -52.0 ; 99.57
1151 ; -51.0 ; 99.57
1152 ; -54.0 ; 99.57
1153 ; -51.0 ; 99.57
1154 ; -51.0 ; 99.57
1155 ; -48.0 ; 99.57
1156 ; -50.0 ; 99.57
1157 ; -50.0 ; 99.57
1158 ; -50.0 ; 99.57
1159 ; -52.0 ; 99.57
1160 ; -52.0 ; 99.57
1161 ; -51.0 ; 99.57
1162 ; -53.0 ; 99.57
1163 ; -52.0 ; 99.57
1164 ; -48.0 ; 99.57
1165 ; -48.0 ; 99.57
1166 ; -51.0 ; 99.57
1167 ; -54.0 ; 99.57
1168 ; -49.0 ; 99.57
1169 ; -50.0 ; 99.57
1170 ; -56.0 ; 99.57
1171 ; -51.0 ; 99.57
1172 ; -51.0 ; 99.57
1173 ; -51.0 ; 99.57
1174 ; -53.0 ; 99.57
1175 ; -53.0 ; 99.57
1176 ; -53.0 ; 99.57
1177 ; -53.0 ; 99.58
1178 ; -52.0 ; 99.58
1179 ; -51.0 ; 99.58
1180 ; -66.0 ; 99.58
1181 ; -60.0 ; 99.58
1182 ; -56.0 ; 99.58
1183 ; -55.0 ; 99.58
1184 ; -55.0 ; 99.58
1185 ; -56.0 ; 99.58
1186 ; -54.0 ; 99.58
1187 ; -54.0 ; 99.58
1188 ; -50.0 ; 99.58
1189 ; -50.0 ; 99.58
1190 ; -48.0 ; 99.58
1191 ; -49.0 ; 99.58
1192 ; -50.0 ; 99.58
1193 ; -49.0 ; 99.58
1194 ; -54.0 ; 99.58
1195 ; -49.0 ; 99.58
1196 ; -49.0 ; 99.58
1197 ; -51.0 ; 99.58
1198 ; -51.0 ; 99.58
1199 ; -49.0 ; 99.58
1200 ; -49.0 ; 99.58
1201 ; -52.0 ; 99.58
1202 ; -55.0 ; 99.58
1203 ; -56.0 ; 99.58
1204 ; -55.0 ; 99.58
1205 ; -53.0 ; 99.59
1206 ; -52.0 ; 99.59
1207 ; -51.0 ; 99.59
1208 ; -53.0 ; 99.59
1209 ; -55.0 ; 99.59
1210 ; -56.0 ; 99.59
1211 ; -55.0 ; 99.59
1212 ; -54.0 ; 99.59
1213 ; -52.0 ; 99.59
1214 ; -57.0 ; 99.59
1215 ; -62.0 ; 99.59
1216 ; -55.0 ; 99.59
1217 ; -51.0 ; 99.59
1218 ; -48.0 ; 99.59
1219 ; -48.0 ; 99.59
1220 ; -55.0 ; 99.59
1221 ; -59.0 ; 99.59
1222 ; -58.0 ; 99.59
1223 ; -58.0 ; 99.59
1224 ; -56.0 ; 99.59
1225 ; -56.0 ; 99.59
1226 ; -55.0 ; 99.59
1227 ; -53.0 ; 99.59
1228 ; -51.0 ; 99.59
1229 ; -61.0 ; 99.59
1230 ; -63.0 ; 99.59
1231 ; -61.0 ; 99.59
1232 ; -60.0 ; 99.59
1233 ; -61.0 ; 99.59
1234 ; -62.0 ; 99.59
1235 ; -61.0 ; 99.6
1236 ; -61.0 ; 99.6
1237 ; -60.0 ; 99.6
1238 ; -62.0 ; 99.6
1239 ; -58.0 ; 99.6
1240 ; -60.0 ; 99.6
1241 ; -60.0 ; 99.6
1242 ; -53.0 ; 99.6
1243 ; -57.0 ; 99.6
1244 ; -51.0 ; 99.6
1245 ; -56.0 ; 99.6
1246 ; -54.0 ; 99.6
1247 ; -58.0 ; 99.6
1248 ; -58.0 ; 99.6
1249 ; -58.0 ; 99.6
1250 ; -60.0 ; 99.6
1251 ; -60.0 ; 99.6
1252 ; -54.0 ; 99.6
1253 ; -61.0 ; 99.6
1254 ; -58.0 ; 99.6
1255 ; -58.0 ; 99.6
1256 ; -59.0 ; 99.6
1257 ; -58.0 ; 99.6
1258 ; -57.0 ; 99.6
1259 ; -52.0 ; 99.6
1260 ; -54.0 ; 99.6
1261 ; -56.0 ; 99.6
1262 ; -56.0 ; 99.6
1263 ; -57.0 ; 99.6
1264 ; -58.0 ; 99.6
1265 ; -59.0 ; 99.6
1266 ; -56.0 ; 99.61
1267 ; -57.0 ; 99.61
1268 ; -58.0 ; 99.61
1269 ; -55.0 ; 99.61
1270 ; -60.0 ; 99.61
1271 ; -63.0 ; 99.61
1272 ; -61.0 ; 99.61
1273 ; -57.0 ; 99.61
1274 ; -61.0 ; 99.61
1275 ; -61.0 ; 99.61
1276 ; -60.0 ; 99.61
1277 ; -60.0 ; 99.61
1278 ; -61.0 ; 99.61
1279 ; -62.0 ; 99.61
1280 ; -58.0 ; 99.61
1281 ; -59.0 ; 99.61
1282 ; -58.0 ; 99.61
1283 ; -58.0 ; 99.61
1284 ; -57.0 ; 99.61
1285 ; -56.0 ; 99.61
1286 ; -60.0 ; 99.61
1287 ; -61.0 ; 99.61
1288 ; -58.0 ; 99.61
1289 ; -57.0 ; 99.61
1290 ; -56.0 ; 99.61
1291 ; -55.0 ; 99.61
1292 ; -62.0 ; 99.61
1293 ; -60.0 ; 99.61
1294 ; -58.0 ; 99.61
1295 ; -61.0 ; 99.61
1296 ; -57.0 ; 99.61
1297 ; -56.0 ; 99.61
1298 ; -53.0 ; 99.61
1299 ; -53.0 ; 99.62
1300 ; -54.0 ; 99.62
1301 ; -55.0 ; 99.62
1302 ; -58.0 ; 99.62
1303 ; -58.0 ; 99.62
1304 ; -57.0 ; 99.62
1305 ; -57.0 ; 99.62
1306 ; -60.0 ; 99.62
1307 ; -60.0 ; 99.62
1308 ; -59.0 ; 99.62
1309 ; -60.0 ; 99.62
1310 ; -59.0 ; 99.62
1311 ; -59.0 ; 99.62
1312 ; -58.0 ; 99.62
1313 ; -58.0 ; 99.62
1314 ; -58.0 ; 99.62
1315 ; -58.0 ; 99.62
1316 ; -59.0 ; 99.62
1317 ; -55.0 ; 99.62
1318 ; -57.0 ; 99.62
1319 ; -56.0 ; 99.62
1320 ; -55.0 ; 99.62
1321 ; -56.0 ; 99.62
1322 ; -57.0 ; 99.62
1323 ; -57.0 ; 99.62
1324 ; -58.0 ; 99.62
1325 ; -56.0 ; 99.62
1326 ; -56.0 ; 99.62
1327 ; -53.0 ; 99.62
1328 ; -51.0 ; 99.62
1329 ; -53.0 ; 99.62
1330 ; -51.0 ; 99.62
1331 ; -55.0 ; 99.62
1332 ; -53.0 ; 99.62
1333 ; -52.0 ; 99.62
1334 ; -51.0 ; 99.63
1335 ; -53.0 ; 99.63
1336 ; -52.0 ; 99.63
1337 ; -52.0 ; 99.63
1338 ; -53.0 ; 99.63
1339 ; -56.0 ; 99.63
1340 ; -57.0 ; 99.63
1341 ; -58.0 ; 99.63
1342 ; -54.0 ; 99.63
1343 ; -57.0 ; 99.63
1344 ; -57.0 ; 99.63
1345 ; -60.0 ; 99.63
1346 ; -57.0 ; 99.63
1347 ; -56.0 ; 99.63
1348 ; -57.0 ; 99.63
1349 ; -59.0 ; 99.63
1350 ; -59.0 ; 99.63
1351 ; -64.0 ; 99.63
1352 ; -58.0 ; 99.63
1353 ; -59.0 ; 99.63
1354 ; -59.0 ; 99.63
1355 ; -55.0 ; 99.63
1356 ; -58.0 ; 99.63
1357 ; -55.0 ; 99.63
1358 ; -52.0 ; 99.63
1359 ; -56.0 ; 99.63
1360 ; -53.0 ; 99.63
1361 ; -50.0 ; 99.63
1362 ; -53.0 ; 99.63
1363 ; -49.0 ; 99.63
1364 ; -54.0 ; 99.63
1365 ; -54.0 ; 99.63
1366 ; -51.0 ; 99.63
1367 ; -57.0 ; 99.63
1368 ; -54.0 ; 99.63
1369 ; -54.0 ; 99.63
1370 ; -55.0 ; 99.64
1371 ; -57.0 ; 99.64
1372 ; -53.0 ; 99.64
1373 ; -56.0 ; 99.64
1374 ; -58.0 ; 99.64
1375 ; -59.0 ; 99.64
1376 ; -52.0 ; 99.64
1377 ; -54.0 ; 99.64
1378 ; -57.0 ; 99.64
1379 ; -60.0 ; 99.64
1380 ; -57.0 ; 99.64
1381 ; -56.0 ; 99.64
1382 ; -55.0 ; 99.64
1383 ; -56.0 ; 99.64
1384 ; -55.0 ; 99.64
1385 ; -61.0 ; 99.64
1386 ; -56.0 ; 99.64
1387 ; -56.0 ; 99.64
1388 ; -57.0 ; 99.64
1389 ; -57.0 ; 99.64
1390 ; -60.0 ; 99.64
1391 ; -61.0 ; 99.64
1392 ; -59.0 ; 99.64
1393 ; -60.0 ; 99.64
1394 ; -60.0 ; 99.64
1395 ; -64.0 ; 99.64
1396 ; -60.0 ; 99.64
1397 ; -60.0 ; 99.64
1398 ; -57.0 ; 99.64
1399 ; -60.0 ; 99.64
1400 ; -64.0 ; 99.64
1401 ; -62.0 ; 99.64
1402 ; -60.0 ; 99.64
1403 ; -57.0 ; 99.64
1404 ; -57.0 ; 99.64
1405 ; -59.0 ; 99.64
1406 ; -58.0 ; 99.64
1407 ; -57.0 ; 99.64
1408 ; -60.0 ; 99.64
1409 ; -58.0 ; 99.65
1410 ; -61.0 ; 99.65
1411 ; -58.0 ; 99.65
1412 ; -59.0 ; 99.65
1413 ; -57.0 ; 99.65
1414 ; -60.0 ; 99.65
1415 ; -59.0 ; 99.65
1416 ; -62.0 ; 99.65
1417 ; -57.0 ; 99.65
1418 ; -58.0 ; 99.65
1419 ; -57.0 ; 99.65
1420 ; -53.0 ; 99.65
1421 ; -60.0 ; 99.65
1422 ; -58.0 ; 99.65
1423 ; -59.0 ; 99.65
1424 ; -59.0 ; 99.65
1425 ; -57.0 ; 99.65
1426 ; -60.0 ; 99.65
1427 ; -52.0 ; 99.65
1428 ; -58.0 ; 99.65
1429 ; -61.0 ; 99.65
1430 ; -62.0 ; 99.65
1431 ; -62.0 ; 99.65
1432 ; -56.0 ; 99.65
1433 ; -60.0 ; 99.65
1434 ; -59.0 ; 99.65
1435 ; -57.0 ; 99.65
1436 ; -57.0 ; 99.65
1437 ; -56.0 ; 99.65
1438 ; -57.0 ; 99.65
1439 ; -58.0 ; 99.65
1440 ; -58.0 ; 99.65
1441 ; -58.0 ; 99.65
1442 ; -57.0 ; 99.65
1443 ; -60.0 ; 99.65
1444 ; -58.0 ; 99.65
1445 ; -59.0 ; 99.65
1446 ; -57.0 ; 99.65
1447 ; -58.0 ; 99.65
1448 ; -57.0 ; 99.65
1449 ; -57.0 ; 99.65
1450 ; -59.0 ; 99.66
1451 ; -56.0 ; 99.66
1452 ; -64.0 ; 99.66
1453 ; -58.0 ; 99.66
1454 ; -60.0 ; 99.66
1455 ; -58.0 ; 99.66
1456 ; -59.0 ; 99.66
1457 ; -61.0 ; 99.66
1458 ; -59.0 ; 99.66
1459 ; -58.0 ; 99.66
1460 ; -61.0 ; 99.66
1461 ; -59.0 ; 99.66
1462 ; -56.0 ; 99.66
1463 ; -57.0 ; 99.66
1464 ; -61.0 ; 99.66
1465 ; -58.0 ; 99.66
1466 ; -59.0 ; 99.66
1467 ; -56.0 ; 99.66
1468 ; -56.0 ; 99.66
1469 ; -56.0 ; 99.66
1470 ; -57.0 ; 99.66
1471 ; -57.0 ; 99.66
1472 ; -59.0 ; 99.66
1473 ; -59.0 ; 99.66
1474 ; -61.0 ; 99.66
1475 ; -56.0 ; 99.66
1476 ; -59.0 ; 99.66
1477 ; -56.0 ; 99.66
1478 ; -55.0 ; 99.66
1479 ; -56.0 ; 99.66
1480 ; -56.0 ; 99.66
1481 ; -57.0 ; 99.66
1482 ; -57.0 ; 99.66
1483 ; -56.0 ; 99.66
1484 ; -55.0 ; 99.66
1485 ; -57.0 ; 99.66
1486 ; -55.0 ; 99.66
1487 ; -55.0 ; 99.66
1488 ; -54.0 ; 99.66
1489 ; -54.0 ; 99.66
1490 ; -58.0 ; 99.66
1491 ; -57.0 ; 99.66
1492 ; -57.0 ; 99.66
1493 ; -55.0 ; 99.67
1494 ; -55.0 ; 99.67
1495 ; -58.0 ; 99.67
1496 ; -58.0 ; 99.67
1497 ; -58.0 ; 99.67
1498 ; -57.0 ; 99.67
1499 ; -55.0 ; 99.67
1500 ; -55.0 ; 99.67
1501 ; -54.0 ; 99.67
1502 ; -52.0 ; 99.67
1503 ; -53.0 ; 99.67
1504 ; -52.0 ; 99.67
1505 ; -52.0 ; 99.67
1506 ; -53.0 ; 99.67
1507 ; -55.0 ; 99.67
1508 ; -52.0 ; 99.67
1509 ; -56.0 ; 99.67
1510 ; -54.0 ; 99.67
1511 ; -54.0 ; 99.67
1512 ; -52.0 ; 99.67
1513 ; -50.0 ; 99.67
1514 ; -53.0 ; 99.67
1515 ; -51.0 ; 99.67
1516 ; -51.0 ; 99.67
1517 ; -58.0 ; 99.67
1518 ; -57.0 ; 99.67
1519 ; -56.0 ; 99.67
1520 ; -51.0 ; 99.67
1521 ; -53.0 ; 99.67
1522 ; -54.0 ; 99.67
1523 ; -59.0 ; 99.67
1524 ; -52.0 ; 99.67
1525 ; -52.0 ; 99.67
1526 ; -56.0 ; 99.67
1527 ; -53.0 ; 99.67
1528 ; -57.0 ; 99.67
1529 ; -53.0 ; 99.67
1530 ; -58.0 ; 99.67
1531 ; -57.0 ; 99.67
1532 ; -52.0 ; 99.67
1533 ; -52.0 ; 99.67
1534 ; -58.0 ; 99.67
1535 ; -58.0 ; 99.67
1536 ; -58.0 ; 99.67
1537 ; -58.0 ; 99.67
1538 ; -53.0 ; 99.67
1539 ; -56.0 ; 99.68
1540 ; -55.0 ; 99.68
1541 ; -54.0 ; 99.68
1542 ; -52.0 ; 99.68
1543 ; -52.0 ; 99.68
1544 ; -55.0 ; 99.68
1545 ; -54.0 ; 99.68
1546 ; -55.0 ; 99.68
1547 ; -51.0 ; 99.68
1548 ; -53.0 ; 99.68
1549 ; -55.0 ; 99.68
1550 ; -56.0 ; 99.68
1551 ; -54.0 ; 99.68
1552 ; -54.0 ; 99.68
1553 ; -55.0 ; 99.68
1554 ; -53.0 ; 99.68
1555 ; -53.0 ; 99.68
1556 ; -50.0 ; 99.68
1557 ; -51.0 ; 99.68
1558 ;; 99.61
1559 ;; 99.55
1560 ;; 99.49
1561 ;; 99.42
1562 ;; 99.36
1563 ;; 99.3
1564 ;; 99.23
1565 ;; 99.17
1566 ;; 99.11
1567 ;; 99.04
1568 ;; 98.98
1569 ;; 98.92
1570 ;; 98.85
1571 ;; 98.79
1572 ;; 98.73
1573 ;; 98.66
1574 ;; 98.6
1575 ;; 98.54
1576 ;; 98.48
1577 ;; 98.41
1578 ;; 98.35
1579 ;; 98.29
1580 ;; 98.23
1581 ;; 98.17
1582 ;; 98.1
1583 ;; 98.04
1584 ;; 97.98
1585 ;; 97.92
1586 ;; 97.86
1587 ;; 97.79
1588 ;; 97.73
1589 ;; 97.67
1590 ;; 97.61
1591 ;; 97.55
1592 ;; 97.49
1593 ;; 97.43
1594 ;; 97.37
1595 ;; 97.3
1596 ;; 97.24
1597 ;; 97.18
1598 ;; 97.12
1599 ;; 97.06
1600 ;; 97.0
1601 ;; 96.94
1602 ;; 96.88
1603 ;; 96.82
1604 ;; 96.76
1605 ;; 96.7
1606 ;; 96.64
1607 ;; 96.58
1608 ;; 96.52
1609 ;; 96.46
1610 ;; 96.4
1611 ;; 96.34
1612 ;; 96.28
1613 ;; 96.22
1614 ;; 96.16
1615 ;; 96.1
1616 ;; 96.04
1617 ;; 95.98
1618 ;; 95.92
1619 ;; 95.86
1620 ;; 95.8
1621 ;; 95.74
1622 ;; 95.68
1623 ;; 95.63
1624 ;; 95.57
1625 ;; 95.51
1626 ;; 95.45
1627 ;; 95.39
1628 ;; 95.33
1629 ;; 95.27
1630 ;; 95.21
1631 ;; 95.16
1632 ;; 95.1
1633 ;; 95.04
1634 ;; 94.98
1635 ;; 94.92
1636 ;; 94.87
1637 ;; 94.81
1638 ;; 94.75
1639 ;; 94.69
1640 ;; 94.63
1641 ;; 94.58
1642 ;; 94.52
1643 ;; 94.46
1644 ;; 94.4
1645 ;; 94.35
1646 ;; 94.29
1647 ;; 94.23
1648 ;; 94.17
1649 ;; 94.12
1650 ;; 94.06
1651 ;; 94.0
1652 ;; 93.95
1653 ;; 93.89
1654 ;; 93.83
1655 ;; 93.78
1656 ;; 93.72
1657 ;; 93.66
1658 ;; 93.61
1659 ;; 93.55
1660 ;; 93.49
1661 ;; 93.44
1662 ;; 93.38
1663 ;; 93.33
1664 ;; 93.27
1665 ;; 93.21
1666 ;; 93.16
1667 ;; 93.1
1668 ;; 93.05
1669 ;; 92.99
1670 ;; 92.93
1671 ;; 92.88
1672 ;; 92.82
1673 ;; 92.77
1674 ;; 92.71
1675 ;; 92.66
1676 ;; 92.6
1677 ;; 92.55
1678 ;; 92.49
1679 ;; 92.44
1680 ;; 92.38
1681 ;; 92.33
1682 ;; 92.27
1683 ;; 92.22
1684 ;; 92.16
1685 ;; 92.11
1686 ;; 92.05
1687 ;; 92.0
1688 ;; 91.94
1689 ;; 91.89
1690 ;; 91.83
1691 ;; 91.78
1692 ;; 91.73
1693 ;; 91.67
1694 ;; 91.62
1695 ;; 91.56
1696 ;; 91.51
1697 ;; 91.46
1698 ;; 91.4
1699 ;; 91.35
1700 ;; 91.29
1701 ;; 91.24
1702 ;; 91.19
1703 ;; 91.13
1704 ;; 91.08
1705 ;; 91.03
1706 ;; 90.97
1707 ;; 90.92
1708 ;; 90.87
1709 ;; 90.81
1710 ;; 90.76
1711 ;; 90.71
1712 ;; 90.65
1713 ;; 90.6
1714 ;; 90.55
1715 ;; 90.5
1716 ;; 90.44
1717 ;; 90.39
1718 ;; 90.34
1719 ;; 90.29
1720 ;; 90.23
1721 ;; 90.18
1722 ;; 90.13
1723 ;; 90.08
1724 ;; 90.02
1725 ;; 89.97
1726 ;; 89.92
1727 ;; 89.87
1728 ;; 89.81
1729 ;; 89.76
1730 ;; 89.71
1731 ;; 89.66
1732 ;; 89.61
1733 ;; 89.56
1734 ;; 89.5
1735 ;; 89.45
1736 ;; 89.4
1737 ;; 89.35
1738 ;; 89.3
1739 ;; 89.25
1740 ;; 89.2
1741 ;; 89.14
1742 ;; 89.09
1743 ;; 89.04
1744 ;; 88.99
1745 ;; 88.94
1746 ;; 88.89
1747 ;; 88.84
1748 ;; 88.79
1749 ;; 88.74
1750 ;; 88.69
1751 ;; 88.64
1752 ;; 88.58
1753 ;; 88.53
1754 ;; 88.48
1755 ;; 88.43
1756 ;; 88.38
1757 ;; 88.33
1758 ;; 88.28
1759 ;; 88.23
1760 ;; 88.18
1761 ;; 88.13
1762 ;; 88.08
1763 ;; 88.03
1764 ;; 87.98
1765 ;; 87.93
1766 ;; 87.88
1767 ;; 87.83
1768 ;; 87.78
1769 ;; 87.73
1770 ;; 87.68
1771 ;; 87.63
1772 ;; 87.58
1773 ;; 87.54
1774 ;; 87.49
1775 ;; 87.44
1776 ;; 87.39
1777 ;; 87.34
1778 ;; 87.29
1779 ;; 87.24
1780 ;; 87.19
1781 ;; 87.14
1782 ;; 87.09
1783 ;; 87.04
1784 ;; 87.0
1785 ;; 86.95
1786 ;; 86.9
1787 ;; 86.85
1788 ;; 86.8
1789 ;; 86.75
1790 ;; 86.7
1791 ;; 86.66
1792 ;; 86.61
1793 ;; 86.56
1794 ;; 86.51
1795 ;; 86.46
1796 ;; 86.41
1797 ;; 86.37
1798 ;; 86.32
1799 ;; 86.27
1800 ;; 86.22
1801 ;; 86.17
1802 ;; 86.13
1803 ;; 86.08
1804 ;; 86.03
1805 ;; 85.98
1806 ;; 85.94
1807 ;; 85.89
1808 ;; 85.84
1809 ;; 85.79
1810 ;; 85.75
1811 ;; 85.7
1812 ;; 85.65
1813 ;; 85.6
1814 ;; 85.56
1815 ;; 85.51
1816 ;; 85.46
1817 ;; 85.42
1818 ;; 85.37
1819 ;; 85.32
1820 ;; 85.27
1821 ;; 85.23
1822 ;; 85.18
1823 ;; 85.13
1824 ;; 85.09
1825 ;; 85.04
1826 ;; 84.99
1827 ;; 84.95
1828 ;; 84.9
1829 ;; 84.86
1830 ;; 84.81
1831 ;; 84.76
1832 ;; 84.72
1833 ;; 84.67
1834 ;; 84.62
1835 ;; 84.58
1836 ;; 84.53
1837 ;; 84.49
1838 ;; 84.44
1839 ;; 84.39
1840 ;; 84.35
1841 ;; 84.3
1842 ;; 84.26
1843 ;; 84.21
1844 ;; 84.16
1845 ;; 84.12
1846 ;; 84.07
1847 ;; 84.03
1848 ;; 83.98
1849 ;; 83.94
1850 ;; 83.89
1851 ;; 83.85
1852 ;; 83.8
1853 ;; 83.76
1854 ;; 83.71
1855 ;; 83.67
1856 ;; 83.62
1857 ;; 83.58
1858 ;; 83.53
1859 ;; 83.49
1860 ;; 83.44
1861 ;; 83.4
1862 ;; 83.35
1863 ;; 83.31
1864 ;; 83.26
1865 ;; 83.22
1866 ;; 83.17
1867 ;; 83.13
1868 ;; 83.08
1869 ;; 83.04
1870 ;; 82.99
1871 ;; 82.95
1872 ;; 82.91
1873 ;; 82.86
1874 ;; 82.82
1875 ;; 82.77
1876 ;; 82.73
1877 ;; 82.69
1878 ;; 82.64
1879 ;; 82.6
1880 ;; 82.55
1881 ;; 82.51
1882 ;; 82.47
1883 ;; 82.42
1884 ;; 82.38
1885 ;; 82.33
1886 ;; 82.29
1887 ;; 82.25
1888 ;; 82.2
1889 ;; 82.16
1890 ;; 82.12
1891 ;; 82.07
1892 ;; 82.03
1893 ;; 81.99
1894 ;; 81.94
1895 ;; 81.9
1896 ;; 81.86
1897 ;; 81.81
1898 ;; 81.77
1899 ;; 81.73
1900 ;; 81.68
1901 ;; 81.64
1902 ;; 81.6
1903 ;; 81.56
1904 ;; 81.51
1905 ;; 81.47
1906 ;; 81.43
1907 ;; 81.38
1908 ;; 81.34
1909 ;; 81.3
1910 ;; 81.26
1911 ;; 81.21
1912 ;; 81.17
1913 ;; 81.13
1914 ;; 81.09
1915 ;; 81.04
1916 ;; 81.0
1917 ;; 80.96
1918 ;; 80.92
1919 ;; 80.88
1920 ;; 80.83
1921 ;; 80.79
1922 ;; 80.75
1923 ;; 80.71
1924 ;; 80.67
1925 ;; 80.62
1926 ;; 80.58
1927 ;; 80.54
1928 ;; 80.5
1929 ;; 80.46
1930 ;; 80.41
1931 ;; 80.37
1932 ;; 80.33
1933 ;; 80.29
1934 ;; 80.25
1935 ;; 80.21
1936 ;; 80.17
1937 ;; 80.12
1938 ;; 80.08
1939 ;; 80.04
1940 ;; 80.0
1941 ;; 79.96
1942 ;; 79.92
1943 ;; 79.88
1944 ;; 79.84
1945 ;; 79.79
1946 ;; 79.75
1947 ;; 79.71
1948 ;; 79.67
1949 ;; 79.63
1950 ;; 79.59
1951 ;; 79.55
1952 ;; 79.51
1953 ;; 79.47
1954 ;; 79.43
1955 ;; 79.39
1956 ;; 79.35
1957 ;; 79.31
1958 ;; 79.26
1959 ;; 79.22
1960 ;; 79.18
1961 ;; 79.14
1962 ;; 79.1
1963 ;; 79.06
1964 ;; 79.02
1965 ;; 78.98
1966 ;; 78.94
1967 ;; 78.9
1968 ;; 78.86
1969 ;; 78.82
1970 ;; 78.78
1971 ;; 78.74
1972 ;; 78.7
1973 ;; 78.66
1974 ;; 78.62
1975 ;; 78.58
1976 ;; 78.54
1977 ;; 78.5
1978 ;; 78.46
1979 ;; 78.42
1980 ;; 78.38
1981 ;; 78.34
1982 ;; 78.3
1983 ;; 78.27
1984 ;; 78.23
1985 ;; 78.19
1986 ;; 78.15
1987 ;; 78.11
1988 ;; 78.07
1989 ;; 78.03
1990 ;; 77.99
1991 ;; 77.95
1992 ;; 77.91
1993 ;; 77.87
1994 ;; 77.83
1995 ;; 77.79
1996 ;; 77.76
1997 ;; 77.72
1998 ;; 77.68
1999 ;; 77.64
2000 ;; 77.6
2001 ;; 77.56
2002 ;; 77.52
2003 ;; 77.48
2004 ;; 77.45
2005 ;; 77.41
2006 ;; 77.37
2007 ;; 77.33
2008 ;; 77.29
2009 ;; 77.25
2010 ;; 77.21
2011 ;; 77.18
2012 ;; 77.14
2013 ;; 77.1
2014 ;; 77.06
2015 ;; 77.02
2016 ;; 76.98
2017 ;; 76.95
2018 ;; 76.91
2019 ;; 76.87
2020 ;; 76.83
2021 ;; 76.79
2022 ;; 76.76
2023 ;; 76.72
2024 ;; 76.68
2025 ;; 76.64
2026 ;; 76.6
2027 ;; 76.57
2028 ;; 76.53
2029 ;; 76.49
2030 ;; 76.45
2031 ;; 76.42
2032 ;; 76.38
2033 ;; 76.34
2034 ;; 76.3
2035 ;; 76.27
2036 ;; 76.23
2037 ;; 76.19
2038 ;; 76.15
2039 ;; 76.12
2040 ;; 76.08
2041 ;; 76.04
2042 ;; 76.0
2043 ;; 75.97
2044 ;; 75.93
2045 ;; 75.89
2046 ;; 75.86
2047 ;; 75.82
2048 ;; 75.78
2049 ;; 75.74
2050 ;; 75.71
2051 ;; 75.67
2052 ;; 75.63
2053 ;; 75.6
2054 ;; 75.56
2055 ;; 75.52
2056 ;; 75.49
2057 ;; 75.45
2058 ;; 75.41
2059 ;; 75.38
2060 ;; 75.34
2061 ;; 75.3
2062 ;; 75.27
2063 ;; 75.23
2064 ;; 75.19
2065 ;; 75.16
2066 ;; 75.12
2067 ;; 75.08
2068 ;; 75.05
2069 ;; 75.01
2070 ;; 74.98
2071 ;; 74.94
2072 ;; 74.9
2073 ;; 74.87
2074 ;; 74.83
2075 ;; 74.8
2076 ;; 74.76
2077 ;; 74.72
2078 ;; 74.69
2079 ;; 74.65
2080 ;; 74.62
2081 ;; 74.58
2082 ;; 74.54
2083 ;; 74.51
2084 ;; 74.47
2085 ;; 74.44
2086 ;; 74.4
2087 ;; 74.37
2088 ;; 74.33
2089 ;; 74.29
2090 ;; 74.26
2091 ;; 74.22
2092 ;; 74.19
2093 ;; 74.15
2094 ;; 74.12
2095 ;; 74.08
2096 ;; 74.05
2097 ;; 74.01
2098 ;; 73.98
2099 ;; 73.94
2100 ;; 73.9
2101 ;; 73.87
2102 ;; 73.83
2103 ;; 73.8
2104 ;; 73.76
2105 ;; 73.73
2106 ;; 73.69
2107 ;; 73.66
2108 ;; 73.62
2109 ;; 73.59
2110 ;; 73.55
2111 ;; 73.52
2112 ;; 73.48
2113 ;; 73.45
2114 ;; 73.42
2115 ;; 73.38
2116 ;; 73.35
2117 ;; 73.31
2118 ;; 73.28
2119 ;; 73.24
2120 ;; 73.21
2121 ;; 73.17
2122 ;; 73.14
2123 ;; 73.1
2124 ;; 73.07
2125 ;; 73.04
2126 ;; 73.0
2127 ;; 72.97
2128 ;; 72.93
2129 ;; 72.9
2130 ;; 72.86
2131 ;; 72.83
2132 ;; 72.8
2133 ;; 72.76
2134 ;; 72.73
2135 ;; 72.69
2136 ;; 72.66
2137 ;; 72.63
2138 ;; 72.59
2139 ;; 72.56
2140 ;; 72.52
2141 ;; 72.49
2142 ;; 72.46
2143 ;; 72.42
2144 ;; 72.39
2145 ;; 72.35
2146 ;; 72.32
2147 ;; 72.29
2148 ;; 72.25
2149 ;; 72.22
2150 ;; 72.19
2151 ;; 72.15
2152 ;; 72.12
2153 ;; 72.09
2154 ;; 72.05
2155 ;; 72.02
2156 ;; 71.99
2157 ;; 71.95
2158 ;; 71.92
2159 ;; 71.89
2160 ;; 71.85
2161 ;; 71.82
2162 ;; 71.79
2163 ;; 71.75
2164 ;; 71.72
2165 ;; 71.69
2166 ;; 71.65
2167 ;; 71.62
2168 ;; 71.59
2169 ;; 71.55
2170 ;; 71.52
2171 ;; 71.49
2172 ;; 71.45
2173 ;; 71.42
2174 ;; 71.39
2175 ;; 71.36
2176 ;; 71.32
2177 ;; 71.29
2178 ;; 71.26
2179 ;; 71.23
2180 ;; 71.19
2181 ;; 71.16
2182 ;; 71.13
2183 ;; 71.09
2184 ;; 71.06
2185 ;; 71.03
2186 ;; 71.0
2187 ;; 70.96
2188 ;; 70.93
2189 ;; 70.9
2190 ;; 70.87
2191 ;; 70.84
2192 ;; 70.8
2193 ;; 70.77
2194 ;; 70.74
2195 ;; 70.71
2196 ;; 70.67
2197 ;; 70.64
2198 ;; 70.61
