456
441
478
403
414
478
465
478
456
408
477
477
433
463
415
451
453
441
463
480
403
427
451
478
443
404
455
474
478
406
451
470
453
476
411
447
476
446
453
225
131
123
152
167
113
111
449
391
394
443
391
419
427
438
391
446
402
391
457
442
444
434
426
408
444
391
395
464
427
454
453
402
394
416
404
408
401
466
464
464
435
463
450
390
391
462
455
399
431
427
216
435
438
413
454
435
393
408
464
399
430
464
395
396
434
464
425
423
461
464
444
453
451
454
413
