-44.0
-44.0
-44.0
-44.0
-44.0
-44.0
-44.0
-44.0
-44.0
-44.0
-44.0
-44.0
-44.0
-44.0
-44.0
-44.0
-44.0
-44.0
-44.0
-45.0
-44.0
-44.0
-44.0
-44.0
-45.0
-45.0
-44.0
-44.0
-45.0
-44.0
-44.0
-44.0
-44.0
-44.0
-44.0
-44.0
-44.0
-44.0
-43.0
-45.0
-41.0
-44.0
-46.0
-47.0
-52.0
-44.0
-43.0
-42.0
-42.0
-42.0
-43.0
-43.0
-43.0
-42.0
-43.0
-43.0
-43.0
-43.0
-43.0
-43.0
-42.0
-43.0
-43.0
-42.0
-42.0
-43.0
-43.0
-43.0
-42.0
-43.0
-43.0
-43.0
-43.0
-43.0
-43.0
-43.0
-43.0
-42.0
-43.0
-42.0
-43.0
-43.0
-43.0
-43.0
-43.0
-43.0
-43.0
-43.0
-43.0
-43.0
-43.0
-41.0
-41.0
94 ;; 98.94
95 ;; 97.89
96 ;; 96.88
97 ;; 95.88
98 ;; 94.9
99 ;; 93.94
100 ;; 93.0
101 ;; 92.08
-43.0
-44.0
-44.0
-43.0
-44.0
-44.0
-44.0
-44.0
-43.0
-43.0
-44.0
-44.0
-44.0
-44.0
-44.0
-44.0
-44.0
-43.0
-43.0
-43.0
-44.0
-44.0
